140.0  10.0 0.441 1.41028386104
150.0   0.0 0.521 1.27785295229
152.5  22.5 0.632 1.45517680404
162.5  12.5 0.697 1.25945069525
165.0  35.0 0.838 1.43027026549
175.0   0.0 0.671 0.907620562131
175.0  25.0 0.739 0.999599993166
177.5  47.5 1.073 1.37333079682
187.5  12.5 0.793 0.820870280155
187.5  37.5 1.048 1.08483235007
190.0  60.0 1.093 1.07489501418
200.0   0.0 0.810 0.649820687787
200.0  25.0 0.879 0.705175783413
200.0  50.0 1.046 0.839151159784
202.5  72.5 1.501 1.14528645748
212.5  12.5 0.956 0.601746956962
212.5  37.5 1.107 0.696792762925
212.5  62.5 1.280 0.805686302208
215.0  85.0 1.647 0.986341653831
225.0   0.0 0.853 0.427572375564
225.0  25.0 0.923 0.462660378248
225.0  50.0 1.252 0.627573990862
225.0  75.0 1.436 0.719805312203
227.5  97.5 4.712 2.25235580077
237.5  12.5 0.931 0.372789246724
237.5  37.5 1.080 0.432451542924
237.5  62.5 1.287 0.515338088651
237.5  87.5 1.809 0.724356334398
240.0 110.0 2.766 1.05869533294
250.0   0.0 0.940 0.303872637878
250.0 100.0 3.450 1.11527723477
250.0  25.0 1.205 0.389538860259
250.0  50.0 1.211 0.391478472841
250.0  75.0 1.778 0.574771861859
262.5  12.5 1.168 0.308114426114
262.5  37.5 1.167 0.307850629516
262.5  62.5 1.523 0.401762218297
262.5  87.5 2.235 0.589585395859
265.0 135.0 8.961 2.26960561679
275.0   0.0 0.971 0.210600645593
275.0 125.0 6.623 1.43646557751
275.0  25.0 1.359 0.294754147643
275.0  50.0 1.307 0.283475843244
275.0  75.0 1.645 0.356784821834
287.5 112.5 7.043 1.26161200684
287.5  12.5 1.206 0.216030680143
287.5  37.5 1.359 0.243437557475
287.5  62.5 1.494 0.267620096297
300.0   0.0 1.090 0.161487155315
300.0 100.0 2.201 0.326085531054
300.0 150.0 13.076 1.93725325037
300.0  25.0 1.276 0.189043679066
300.0  50.0 1.379 0.204303474476
312.5  12.5 1.277 0.157746088476
312.5  37.5 1.292 0.159599018255
312.5  87.5 7.902 0.976123407314
325.0   0.0 1.269 0.131553789741
325.0  25.0 1.382 0.143268193398
325.0  75.0 1.827 0.189400137003
337.5  12.5 1.465 0.127389653089
350.0   0.0 1.475 0.109739764148
350.0 100.0 2.108 0.156834862931
350.0 150.0 14.201 1.05655212926
350.0 200.0 22.636 1.6841147805
